341221
314423
341202
324708
316987
316343
394403
314619
314399
341214
353514
337484
338175
341190
316233
353486
169934
341703
314425
314408
321384
341518
314653
316286
353405
339063
316349
341492
314628
340584
316323
169930
169932
339904
169869
169933
353273
169868
314894
169875
318188
321663
169917
67
311763
169935
311254
132773
318186
317971
311853
317951
325085
169916
322819
169936
311684
314125
311505
171
311614
325073
341410
169915
317816
169938
169922
311336
314405
318031
314814
311959
132736
314120
317842
353530
353551
341387
197
324986
137264
311359
311851
318225
314818
314507
341358
132757
311767
132748
333023
137258
93
132738
311512
311558
338510
311915
333319
315173
311919
318325
320666
311415
311324
126
169931
316328
132744
119
145
311525
341332
311600
315159
341384
325450
132759
338561
315195
316325
132758
318314
311693
341499
353302
311615
341710
137243
132740
325436
341525
401617
318293
401388
348369
137246
439915
404174
401622
169924
320664
337692
169923
43
339506
137251
132728
341676
69
137252
137247
333322
340852
404189
137257
132734
149
333026
325482
169929
311240
314822
169926
439914
401818
137245
333131
340935
341344
339863
132774
311968
132730
325481
132732
169928
340055
340104
314398
340854
448934
341364
325491
317942
317843
311607
137248
325453
338296
132775
338919
340387
339609
169886
340065
353409
317941
339049
340325
169913
325580
78
338584
311603
317936
341531
338603
51
338992
341511
317887
333348
333323
314841
311242
314866
169912
339625
311667
169888
311925
311700
339400
339514
353380
352582
132779
132782
311706
323079
338089
316914
316346
353441
311824
315070
132783
169887
311759
316361
324839
316345
352782
324838
352865
353092
324828
324868
339056
339623
311849
311411
311608
339892
351543
311761
132778
169864
132776
394320
137250
317836
394395
333009
394405
314122
169840
393958
353437
393956
394319
353420
321553
314618
394426
317937
321687
341206
394420
394460
317586
394318
341197
407495
348955
137249
317938
394412
317939
394424
341198
394427
341208
316624
394422
169862
317587
317728
317753
317741
338490
338788
316603
316351
337334
353264
349358
311961
317927
337654
353477
348885
311854
132754
369727
338038
132753
337728
44
316354
132767
325457
325454
315196
341532
311245
340291
325197
325288
316326
311564
318273
314867
351992
311918
325147
132766
325157
340463
314487
311580
352568
337913
325137
311621
325540
339709
316289
353102
338071
311616
311617
311652
448904
338660
311658
338396
316335
353294
338773
338582
339415
352446
314508
318345
318265
438304
316241
318245
352832
311249
324896
311708
341534
439916
314431
311966
311568
340341
311770
311860
348438
340906
352844
316360
316357
311969
314395
311602
353185
314488
182
311653
311711
339611
353511
353527
339866
341422
333132
340324
333027
341371
353565
311702
340133
340880
340054
311773
352846
339384
339398
324778
340297
311926
339825
339675
353236
311712
52
311705
338967
339451
340237
341345
311241
315126
311566
339886
340879
339413
340855
340376
339402
156
339373
394399
394312
318356
367136
394435
394464
394432
394437
367117
367135
406316
394430
394438
367138
438282
394433
394425
394421
367137
394315
412187
412195
393954
412218
394309
394436
367122
394316
394402
394423
394303
406645
339619
367118
412241
394401
393952
394308
394311
412198
412224
367119
367120
412192
393948
412233
394131
394404
393944
393942
394429
448424
448427
393950
448602
448426
448460
448460
393946
448428
448428
448460
413034
448601
448424
448601
408432
448602
413034
448601
448427
448602
448460
413030
369848
413031
448427
408424
413031
369820
448602
448428
448424
370462
448426
407955
413030
448602
448426
369822
370459
408413
392836
448427
448424
369851
448426
448424
369726
448601
370461
392835
370458
448460
408172
448428
408171
370460
392834
369848
441667
408173
448426
392833
408294
448427
369820
369819
369849
369852
369726
369723
369822
408314
369823
370461
369819
408281
369722
392835
370461
448428
392833
369726
441668
448601
369849
369852
392834
441665
369823
369823
369819
369725
369722
413030
406565
370458
392836
370460
441361
383592
441360
369852
383593
369722
406565
369848
408432
408323
441410
369849
441411
408413
441367
441359
370458
413034
369822
370460
408173
369851
413031
408171
441412
370462
406564
441368
408378
369725
408424
441366
441369
408294
409279
408366
408370
369725
366579
424917
441414
370459
369851
366581
408314
369699
424918
409278
369820
408188
408172
370462
424915
406564
424917
408190
366578
369698
369697
424915
441412
409300
406657
408424
408374
369723
441362
408370
409278
369723
441361
424918
408366
441367
409292
441369
407955
369852
406658
369722
441368
408323
409300
409292
369819
441362
441411
441360
441410
408378
369725
408374
441668
441414
441665
369820
408186
441366
408281
441359
441667
408413
370462
383594
369848
408432
370459
413030
370459
413034
369851
369819
383593
369851
369823
370461
366581
370460
370458
369820
369726
383594
369723
369723
383592
408173
369722
369848
366643
369726
383592
366653
383594
366578
413031
370458
383592
370459
406273
413031
383593
366645
370462
369823
369822
413034
366579
406273
369725
383594
441411
408171
370460
383593
369852
406274
408172
413030
441410
366648
408190
366811
369822
408378
366654
408382
408188
367491
370461
408188
408186
366655
408374
441372
366807
408190
441412
441375
408370
408378
366644
366859
367640
366857
369849
406564
366806
441374
408366
408366
441360
441369
366812
441414
408370
367514
369849
408382
368397
441368
441361
441411
441368
367510
367511
408374
366858
367639
367501
366808
441371
441412
407955
367490
367505
408186
441367
383593
441366
367488
441369
367502
383592
441361
408171
367641
441366
441367
441362
367613
441362
383592
383594
408172
366650
367489
406564
366649
406565
408173
366807
441360
441359
368398
408173
367493
367488
441410
383593
441414
441359
383594
383592
366806
408281
408333
383594
383593
367495
407955
407955
367639
408294
368421
368403
383592
367641
368411
392890
368413
368396
408333
366648
366649
366650
368424
367640
392888
408314
368431
368422
368429
392889
408172
368430
367494
408294
408190
408314
408188
367490
408428
367641
367639
408370
408188
369699
408323
368402
408190
367496
367491
408186
368412
408281
408190
408186
392891
408191
424915
383594
408323
408171
408186
408191
408413
369698
366650
408413
367489
424900
406565
367641
366808
367614
366806
366648
383593
367640
366578
424901
408378
366808
408432
368404
408428
367635
424899
408424
367640
366649
384397
367634
408424
367628
366905
367501
424918
408188
408366
408374
367639
408432
408192
366654
408432
367691
366655
424961
408413
368413
367627
367693
366807
367692
368404
367502
366907
366654
367626
384396
366898
408424
368430
366578
367636
368402
424917
366579
368431
367494
368403
366653
366578
366589
369697
366655
366811
408414
366999
366834
366645
366654
366897
368424
366833
366643
366645
367000
369489
366589
366587
368422
366655
366653
366653
366579
368430
366834
366644
369523
366650
368429
366644
366812
367490
366588
368431
368412
369521
368421
367491
367640
366905
366588
366806
366581
366648
408190
383592
369522
366587
366897
366907
367007
367489
412859
366649
369490
383593
408171
406564
366643
408413
367488
408370
366808
366904
383594
408173
408320
367006
408314
367639
408323
366807
408281
441375
441414
441368
408435
424899
441372
441367
424918
383593
441369
383594
408294
408424
369490
408432
367641
406565
424915
408413
408246
366898
412859
408424
441361
408366
441362
407955
366891
369669
369697
424900
441359
424917
441371
369489
442701
424918
424917
409300
408188
408433
408374
369698
367692
369699
441366
368431
441411
424901
441374
383592
409292
408432
412859
369491
368403
367686
424915
366894
409278
366648
368398
368397
367693
368396
368413
441360
368429
367635
366807
367693
366893
367691
367682
369489
366806
367636
367494
369490
368422
367489
367626
366917
367634
441412
367493
368411
366808
367488
369668
367692
367514
408186
408172
408294
367490
367691
366904
367613
408378
366916
367627
368424
367007
367495
367491
368411
368412
408323
383592
408281
408314
408314
408320
367614
368421
383594
408899
408225
408294
441665
441668
368430
406564
368404
369667
408294
367006
408300
368429
408323
367496
406565
366649
406564
367501
383593
367502
408281
406564
408888
408314
406565
366833
441410
406564
406565
366650
366581
408323
408909
408300
441667
368402
367628
406565
367683
408281
408904
